meat and dairy prices
scenario,region,sector,1990,2005,2010,2015,2020,2025,2030,2035,2040,2045,2050,2055,2060,2065,2070,2075,2080,2085,2090,2095,2100,Units,
"evo,date=2023-27-11T18:56:54+16:00",Africa_Eastern,Beef,2.76217,2.36534,2.13714,1.81753,1.96241,2.18988,2.42685,2.67931,2.97487,3.30407,3.65633,4.02161,4.3816,4.72414,5.04317,5.3155,5.55717,5.74578,5.90498,6.02043,6.10666,1975$/kg,
"evo,date=2023-27-11T18:56:54+16:00",Africa_Eastern,Dairy,0.234064,0.221128,0.214659,0.216443,0.227919,0.245014,0.260117,0.275634,0.294197,0.314922,0.337173,0.358897,0.380098,0.399338,0.416828,0.430927,0.443302,0.452184,0.459689,0.464655,0.46837,1975$/kg,
"evo,date=2023-27-11T18:56:54+16:00",Africa_Eastern,Pork,0.915639,0.766367,0.568306,0.57988,0.601664,0.627544,0.642192,0.655578,0.673595,0.694564,0.717815,0.735692,0.752172,0.763722,0.772757,0.775697,0.77822,0.775473,0.77322,0.768419,0.764321,1975$/kg,
"evo,date=2023-27-11T18:56:54+16:00",Africa_Eastern,Poultry,1.12084,0.907293,0.69846,0.731988,0.736886,0.742835,0.735117,0.732985,0.74096,0.753996,0.770544,0.781107,0.791669,0.79658,0.79875,0.794956,0.791081,0.783121,0.77602,0.766465,0.757538,1975$/kg,
"evo,date=2023-27-11T18:56:54+16:00",Africa_Eastern,SheepGoat,2.61502,2.55823,2.51298,2.4847,2.47204,2.50405,2.50747,2.54007,2.6163,2.71739,2.83624,2.94029,3.04638,3.13286,3.20751,3.25779,3.30039,3.32255,3.34069,3.34399,3.34309,1975$/kg,
"evo,date=2023-27-11T18:56:54+16:00",Africa_Northern,Beef,1.57574,1.63478,1.69115,1.70369,1.70199,1.71903,1.72648,1.73727,1.75779,1.78198,1.80731,1.82349,1.83821,1.84755,1.85525,1.85447,1.85477,1.84921,1.84523,1.83737,1.83014,1975$/kg,
"evo,date=2023-27-11T18:56:54+16:00",Africa_Northern,Dairy,0.173843,0.150682,0.156414,0.167454,0.168239,0.17191,0.173707,0.17585,0.179305,0.183428,0.187981,0.191041,0.193888,0.195882,0.197601,0.197926,0.198513,0.198118,0.197922,0.197096,0.19642,1975$/kg,
"evo,date=2023-27-11T18:56:54+16:00",Africa_Northern,Pork,0.829026,0.853963,0.893756,0.767227,0.76381,0.771065,0.77178,0.774357,0.782481,0.792962,0.804622,0.810584,0.816059,0.818919,0.821493,0.819879,0.819503,0.816298,0.814235,0.810368,0.807278,1975$/kg,
"evo,date=2023-27-11T18:56:54+16:00",Africa_Northern,Poultry,0.573311,0.494287,0.57874,0.609613,0.60894,0.616396,0.61693,0.619833,0.628466,0.639759,0.651964,0.658966,0.665066,0.668689,0.671427,0.669882,0.669471,0.666239,0.664014,0.659952,0.656404,1975$/kg,
"evo,date=2023-27-11T18:56:54+16:00",Africa_Northern,SheepGoat,2.42788,2.3462,2.3679,2.36101,2.35162,2.36256,2.36411,2.36975,2.38633,2.40654,2.42745,2.43717,2.44549,2.44894,2.45204,2.44781,2.4455,2.43826,2.43332,2.42531,2.41871,1975$/kg,
"evo,date=2023-27-11T18:56:54+16:00",Africa_Southern,Beef,1.25374,1.56373,1.3005,1.31221,1.37246,1.47575,1.58366,1.69019,1.81013,1.93988,2.07505,2.21003,2.34104,2.46418,2.5791,2.67643,2.76501,2.83588,2.89713,2.94162,2.97869,1975$/kg,
"evo,date=2023-27-11T18:56:54+16:00",Africa_Southern,Dairy,0.168382,0.165106,0.168658,0.148937,0.153539,0.160773,0.166935,0.173795,0.181984,0.191166,0.201057,0.210701,0.220178,0.229003,0.237248,0.244114,0.250341,0.255179,0.259341,0.262238,0.26468,1975$/kg,
"evo,date=2023-27-11T18:56:54+16:00",Africa_Southern,Pork,0.755129,0.920349,0.929693,0.818697,0.829882,0.842538,0.830098,0.826246,0.82771,0.831964,0.839621,0.841986,0.845581,0.845855,0.845922,0.841793,0.839003,0.832682,0.827288,0.819412,0.811954,1975$/kg,
"evo,date=2023-27-11T18:56:54+16:00",Africa_Southern,Poultry,0.763194,0.93255,0.902701,0.734437,0.748168,0.764698,0.759488,0.760173,0.765707,0.773391,0.783671,0.789487,0.796235,0.799614,0.80254,0.801051,0.800905,0.797161,0.794067,0.788144,0.78196,1975$/kg,
"evo,date=2023-27-11T18:56:54+16:00",Africa_Southern,SheepGoat,1.53446,1.55981,1.53359,1.52012,1.53526,1.55413,1.52502,1.51838,1.52335,1.53589,1.5575,1.5695,1.58485,1.59502,1.60474,1.60768,1.6114,1.60842,1.60552,1.59733,1.58999,1975$/kg,
"evo,date=2023-27-11T18:56:54+16:00",Africa_Western,Beef,2.19669,2.40646,2.14092,2.29723,2.38723,2.55843,2.71378,2.87486,3.068,3.2816,3.50967,3.73726,3.95873,4.15757,4.34089,4.4845,4.61591,4.70994,4.79362,4.84536,4.88313,1975$/kg,
"evo,date=2023-27-11T18:56:54+16:00",Africa_Western,Dairy,0.322069,0.319317,0.293442,0.309962,0.319571,0.337316,0.350091,0.363908,0.381563,0.40189,0.42416,0.445629,0.466609,0.484688,0.501213,0.513127,0.524082,0.53084,0.537064,0.539884,0.54164,1975$/kg,
"evo,date=2023-27-11T18:56:54+16:00",Africa_Western,Pork,0.842288,0.821177,0.734172,0.705768,0.726277,0.756102,0.767034,0.778984,0.797435,0.819378,0.84329,0.861719,0.87953,0.891866,0.902289,0.905285,0.908301,0.905821,0.904338,0.899238,0.894105,1975$/kg,
"evo,date=2023-27-11T18:56:54+16:00",Africa_Western,Poultry,0.782023,0.620595,0.485592,0.472881,0.48256,0.495821,0.478156,0.46951,0.47071,0.478198,0.490174,0.498772,0.507641,0.512182,0.515984,0.514761,0.514506,0.510791,0.508337,0.503441,0.49893,1975$/kg,
"evo,date=2023-27-11T18:56:54+16:00",Africa_Western,SheepGoat,1.97932,1.97265,1.92662,1.88369,1.90187,1.93327,1.92201,1.93507,1.96704,2.01069,2.06223,2.10663,2.15077,2.1883,2.22309,2.24871,2.27302,2.28972,2.3059,2.31633,2.32531,1975$/kg,
"evo,date=2023-27-11T18:56:54+16:00",Argentina,Beef,1.41536,1.17092,1.20084,1.30784,1.33229,1.39472,1.44174,1.48639,1.53655,1.58763,1.63861,1.67845,1.71442,1.74195,1.76458,1.77485,1.78387,1.78367,1.78333,1.77577,1.76648,1975$/kg,
"evo,date=2023-27-11T18:56:54+16:00",Argentina,Dairy,0.113716,0.100411,0.0958933,0.10422,0.105393,0.107844,0.10884,0.109916,0.11168,0.113663,0.115912,0.117397,0.118901,0.119894,0.120746,0.120828,0.120992,0.12057,0.120257,0.11948,0.118696,1975$/kg,
"evo,date=2023-27-11T18:56:54+16:00",Argentina,Pork,0.719115,0.611495,0.619153,0.751831,0.756709,0.767667,0.76902,0.771903,0.77973,0.788589,0.79928,0.805306,0.812335,0.816123,0.819969,0.819067,0.819148,0.815359,0.812543,0.806734,0.801118,1975$/kg,
"evo,date=2023-27-11T18:56:54+16:00",Argentina,Poultry,0.287511,0.253996,0.258003,0.366954,0.369694,0.375697,0.376691,0.37866,0.383138,0.387874,0.393377,0.396529,0.400289,0.402314,0.40456,0.404344,0.404643,0.402803,0.401435,0.398422,0.395451,1975$/kg,
"evo,date=2023-27-11T18:56:54+16:00",Argentina,SheepGoat,2.07363,1.7528,1.72587,1.71129,1.74059,1.79855,1.83328,1.86743,1.91066,1.95651,2.00535,2.04081,2.07438,2.09881,2.11908,2.1258,2.13246,2.1289,2.12616,2.1152,2.10313,1975$/kg,
"evo,date=2023-27-11T18:56:54+16:00",Australia_NZ,Beef,1.00637,0.89493,0.884974,0.774763,0.795552,0.826234,0.848388,0.869449,0.893712,0.919743,0.946846,0.971016,0.994035,1.01311,1.02996,1.04019,1.04952,1.05325,1.05657,1.05549,1.05322,1975$/kg,
"evo,date=2023-27-11T18:56:54+16:00",Australia_NZ,Dairy,0.0985666,0.0922118,0.0914625,0.0916008,0.0915025,0.0928033,0.0937559,0.0947123,0.0960523,0.097611,0.0992985,0.100564,0.101804,0.102704,0.103512,0.10377,0.104034,0.103868,0.103766,0.103375,0.102989,1975$/kg,
"evo,date=2023-27-11T18:56:54+16:00",Australia_NZ,Pork,0.742373,0.618391,0.590766,0.605758,0.587602,0.580939,0.573885,0.569575,0.570238,0.573801,0.579083,0.584667,0.589434,0.591275,0.592154,0.588938,0.586221,0.580746,0.576504,0.570694,0.565537,1975$/kg,
"evo,date=2023-27-11T18:56:54+16:00",Australia_NZ,Poultry,0.508315,0.476485,0.452725,0.466662,0.451193,0.444483,0.438111,0.434033,0.433781,0.435822,0.439251,0.443173,0.446459,0.447508,0.44786,0.445158,0.442851,0.438496,0.435113,0.430596,0.426611,1975$/kg,
"evo,date=2023-27-11T18:56:54+16:00",Australia_NZ,SheepGoat,1.16894,1.09605,1.07579,1.06799,1.08138,1.11291,1.13772,1.16182,1.1904,1.22123,1.25294,1.27821,1.30258,1.32252,1.34052,1.35097,1.36075,1.36439,1.36785,1.36674,1.36468,1975$/kg,
"evo,date=2023-27-11T18:56:54+16:00",Brazil,Beef,0.507786,0.638095,0.651821,0.625341,0.640957,0.66546,0.685434,0.703915,0.724294,0.745508,0.766211,0.783152,0.798182,0.809821,0.819179,0.8236,0.827116,0.826724,0.826059,0.822569,0.818268,1975$/kg,
"evo,date=2023-27-11T18:56:54+16:00",Brazil,Dairy,0.126834,0.10728,0.104042,0.0938248,0.0958933,0.0969987,0.0973018,0.0978316,0.0989247,0.100353,0.101902,0.102925,0.103816,0.104421,0.104818,0.104778,0.104785,0.104428,0.10417,0.103646,0.103137,1975$/kg,
"evo,date=2023-27-11T18:56:54+16:00",Brazil,Pork,0.397338,0.236493,0.221996,0.182569,0.187168,0.189803,0.189935,0.190825,0.193204,0.196332,0.199905,0.202391,0.204846,0.206647,0.208088,0.208214,0.208444,0.207479,0.206805,0.205344,0.203893,1975$/kg,
"evo,date=2023-27-11T18:56:54+16:00",Brazil,Poultry,0.329136,0.24576,0.231573,0.205443,0.208472,0.208852,0.207561,0.207091,0.207825,0.209208,0.211009,0.212134,0.213322,0.214184,0.214865,0.21476,0.214796,0.214054,0.21356,0.212554,0.211583,1975$/kg,
"evo,date=2023-27-11T18:56:54+16:00",Brazil,SheepGoat,0.500522,0.441723,0.429783,0.418068,0.429108,0.447941,0.464352,0.47941,0.495474,0.512004,0.527963,0.541243,0.552942,0.56207,0.569412,0.573081,0.575921,0.575901,0.575545,0.573122,0.570019,1975$/kg,
"evo,date=2023-27-11T18:56:54+16:00",Canada,Beef,1.09843,1.04866,1.02108,1.00852,1.00988,1.03729,1.05624,1.07665,1.10575,1.1381,1.17162,1.1938,1.21442,1.22967,1.24364,1.24767,1.25168,1.24818,1.2456,1.2382,1.23066,1975$/kg,
"evo,date=2023-27-11T18:56:54+16:00",Canada,Dairy,0.173879,0.168027,0.163429,0.164982,0.164395,0.165951,0.16698,0.168163,0.170217,0.172541,0.174944,0.176197,0.177362,0.178066,0.178748,0.178551,0.178413,0.177643,0.177018,0.17603,0.175145,1975$/kg,
"evo,date=2023-27-11T18:56:54+16:00",Canada,Pork,0.626346,0.616066,0.574542,0.546481,0.543902,0.548686,0.551467,0.554894,0.560373,0.566172,0.572483,0.576025,0.579641,0.582063,0.584805,0.584793,0.584811,0.582722,0.581127,0.5784,0.575965,1975$/kg,
"evo,date=2023-27-11T18:56:54+16:00",Canada,Poultry,0.471488,0.497042,0.471094,0.455455,0.453226,0.456641,0.458685,0.461225,0.465346,0.469693,0.474397,0.476897,0.47945,0.48112,0.483074,0.482951,0.482859,0.481178,0.479885,0.477759,0.475883,1975$/kg,
"evo,date=2023-27-11T18:56:54+16:00",Canada,SheepGoat,1.31476,1.31004,1.24016,1.23106,1.23298,1.25992,1.28,1.30125,1.33169,1.36595,1.40069,1.42287,1.44278,1.45742,1.47033,1.47398,1.47772,1.47455,1.47212,1.46518,1.45804,1975$/kg,
"evo,date=2023-27-11T18:56:54+16:00",Central America and Caribbean,Beef,1.26622,1.18924,1.06306,1.06093,1.0923,1.14206,1.18001,1.21633,1.25772,1.30074,1.3433,1.38015,1.41321,1.44093,1.46495,1.48071,1.49413,1.50065,1.50578,1.50569,1.50372,1975$/kg,
"evo,date=2023-27-11T18:56:54+16:00",Central America and Caribbean,Dairy,0.128514,0.147054,0.142241,0.137439,0.139529,0.143202,0.145382,0.147738,0.151178,0.155072,0.159178,0.162311,0.165147,0.167305,0.169217,0.170008,0.17071,0.17052,0.170366,0.169557,0.168686,1975$/kg,
"evo,date=2023-27-11T18:56:54+16:00",Central America and Caribbean,Pork,0.891289,0.775761,0.741695,0.739148,0.741325,0.750029,0.750578,0.753211,0.761936,0.773614,0.787226,0.796017,0.803873,0.808651,0.813013,0.812,0.811535,0.806943,0.803347,0.796899,0.790857,1975$/kg,
"evo,date=2023-27-11T18:56:54+16:00",Central America and Caribbean,Poultry,0.635298,0.602908,0.578055,0.588252,0.58687,0.589077,0.585989,0.58503,0.589364,0.59627,0.604771,0.609801,0.614163,0.616365,0.618479,0.616688,0.615445,0.611197,0.607847,0.60242,0.597435,1975$/kg,
"evo,date=2023-27-11T18:56:54+16:00",Central America and Caribbean,SheepGoat,2.182,1.98527,1.92467,1.91225,1.93306,1.97077,1.99462,2.02073,2.05773,2.09961,2.14392,2.17887,2.21072,2.23636,2.2595,2.27182,2.28261,2.28437,2.28587,2.28061,2.2742,1975$/kg,
"evo,date=2023-27-11T18:56:54+16:00",Central Asia,Beef,1.05373,0.943541,0.944618,0.915147,0.886975,0.880077,0.874238,0.875683,0.884654,0.897017,0.914175,0.924826,0.934898,0.940945,0.947874,0.948248,0.948916,0.944471,0.941218,0.93461,0.929753,1975$/kg,
"evo,date=2023-27-11T18:56:54+16:00",Central Asia,Dairy,0.0981927,0.112615,0.108815,0.105131,0.103005,0.10286,0.102427,0.102517,0.10336,0.104545,0.106201,0.107315,0.108412,0.109096,0.109862,0.109894,0.109969,0.109482,0.109124,0.108417,0.107847,1975$/kg,
"evo,date=2023-27-11T18:56:54+16:00",Central Asia,Pork,0.678316,0.736503,0.680345,0.627256,0.593827,0.579596,0.566437,0.560457,0.561598,0.566263,0.576284,0.581886,0.58772,0.590468,0.594873,0.593869,0.593536,0.588918,0.585642,0.579679,0.575551,1975$/kg,
"evo,date=2023-27-11T18:56:54+16:00",Central Asia,Poultry,0.432494,0.494005,0.457486,0.427346,0.401499,0.389244,0.378475,0.373158,0.372854,0.375033,0.381094,0.384172,0.387445,0.388687,0.391222,0.390192,0.389656,0.386294,0.383925,0.379758,0.376963,1975$/kg,
"evo,date=2023-27-11T18:56:54+16:00",Central Asia,SheepGoat,1.52886,1.42958,1.39392,1.35089,1.28664,1.2585,1.23471,1.22627,1.23153,1.24387,1.26672,1.2793,1.29187,1.29811,1.30731,1.30661,1.3071,1.2995,1.29416,1.28342,1.27666,1975$/kg,
"evo,date=2023-27-11T18:56:54+16:00",China,Beef,5.98948,2.46245,2.22022,2.09201,2.22896,2.35766,2.44185,2.50148,2.55283,2.59451,2.62192,2.62325,2.61087,2.58349,2.54696,2.49506,2.44066,2.37787,2.31778,2.25658,2.19842,1975$/kg,
"evo,date=2023-27-11T18:56:54+16:00",China,Dairy,0.230891,0.199703,0.193637,0.197844,0.200061,0.202333,0.203986,0.205407,0.207128,0.208943,0.210366,0.210509,0.210207,0.209207,0.207839,0.205489,0.203119,0.200298,0.197903,0.195379,0.193061,1975$/kg,
"evo,date=2023-27-11T18:56:54+16:00",China,Pork,0.98961,0.774488,0.802908,0.819152,0.782544,0.75641,0.740812,0.732783,0.733016,0.739233,0.747585,0.751291,0.756675,0.760178,0.764313,0.763809,0.764699,0.762501,0.763645,0.762209,0.761476,1975$/kg,
"evo,date=2023-27-11T18:56:54+16:00",China,Poultry,1.04583,0.56146,0.59926,0.627774,0.602214,0.583001,0.569118,0.561895,0.56076,0.563913,0.568153,0.568165,0.569171,0.568489,0.568527,0.564819,0.562529,0.557794,0.556221,0.552834,0.550336,1975$/kg,
"evo,date=2023-27-11T18:56:54+16:00",China,SheepGoat,2.72978,2.65659,2.51869,2.44537,2.43581,2.44133,2.45232,2.46127,2.47386,2.48806,2.49766,2.49187,2.48228,2.46619,2.44786,2.42173,2.39644,2.36672,2.34178,2.3156,2.29219,1975$/kg,
"evo,date=2023-27-11T18:56:54+16:00",Colombia,Beef,0.938461,0.885712,0.893046,0.864797,0.893382,0.932373,0.966486,0.99892,1.03376,1.06796,1.09986,1.12704,1.15052,1.16862,1.18335,1.19154,1.19745,1.19804,1.19733,1.19284,1.18678,1975$/kg,
"evo,date=2023-27-11T18:56:54+16:00",Colombia,Dairy,0.100235,0.0918419,0.0875382,0.0863236,0.0870594,0.0878348,0.08848,0.0891622,0.090439,0.0918023,0.0932135,0.0940952,0.0948477,0.0952032,0.0954751,0.09528,0.095119,0.0946123,0.0941754,0.093499,0.0928439,1975$/kg,
"evo,date=2023-27-11T18:56:54+16:00",Colombia,Pork,0.959274,0.802117,0.795112,0.774796,0.7718,0.767477,0.762634,0.759055,0.762871,0.768502,0.775549,0.77811,0.78005,0.778555,0.777197,0.771602,0.767313,0.760133,0.754466,0.746888,0.740109,1975$/kg,
"evo,date=2023-27-11T18:56:54+16:00",Colombia,Poultry,0.590016,0.517445,0.510027,0.503816,0.500451,0.495764,0.491017,0.487279,0.488506,0.49101,0.494471,0.495187,0.495555,0.493793,0.492262,0.488127,0.484942,0.480015,0.47616,0.471174,0.466761,1975$/kg,
"evo,date=2023-27-11T18:56:54+16:00",Colombia,SheepGoat,1.95217,1.93096,1.90332,1.86119,1.87783,1.89299,1.9086,1.92475,1.95123,1.97838,2.00561,2.02294,2.03725,2.04421,2.04942,2.04662,2.04391,2.03503,2.02694,2.01461,2.00241,1975$/kg,
"evo,date=2023-27-11T18:56:54+16:00",EU-12,Beef,0.687911,0.747443,0.748856,0.785929,0.777412,0.79431,0.806126,0.819145,0.83821,0.859058,0.881675,0.898011,0.914523,0.927985,0.939561,0.943647,0.947713,0.946413,0.945882,0.941998,0.937338,1975$/kg,
"evo,date=2023-27-11T18:56:54+16:00",EU-12,Dairy,0.107586,0.10667,0.105719,0.103964,0.101854,0.102247,0.102573,0.103058,0.104176,0.105401,0.106883,0.107687,0.108696,0.109453,0.11025,0.110347,0.110499,0.110159,0.109957,0.109557,0.109232,1975$/kg,
"evo,date=2023-27-11T18:56:54+16:00",EU-12,Pork,0.59678,0.475203,0.463905,0.446824,0.436512,0.437768,0.438097,0.439532,0.443756,0.448353,0.453879,0.457504,0.461897,0.465194,0.468508,0.468699,0.469177,0.46742,0.466288,0.464172,0.462197,1975$/kg,
"evo,date=2023-27-11T18:56:54+16:00",EU-12,Poultry,0.448868,0.403837,0.401137,0.390981,0.38167,0.381878,0.381817,0.382751,0.385968,0.389444,0.393644,0.396221,0.399515,0.401991,0.4046,0.404718,0.405076,0.403651,0.402757,0.401162,0.399738,1975$/kg,
"evo,date=2023-27-11T18:56:54+16:00",EU-12,SheepGoat,1.30576,1.38157,1.35574,1.32696,1.31258,1.32321,1.33267,1.343,1.35857,1.37509,1.39355,1.40522,1.41801,1.4287,1.43869,1.4422,1.44575,1.44471,1.44455,1.44218,1.43965,1975$/kg,
"evo,date=2023-27-11T18:56:54+16:00",EU-15,Beef,0.899392,1.0841,1.08722,1.15319,1.14946,1.17289,1.18138,1.18994,1.20814,1.2307,1.25645,1.27553,1.29476,1.30738,1.31822,1.31801,1.31883,1.31198,1.3068,1.29613,1.28582,1975$/kg,
"evo,date=2023-27-11T18:56:54+16:00",EU-15,Dairy,0.122271,0.117687,0.115952,0.115232,0.114797,0.116151,0.116565,0.116989,0.118165,0.119658,0.121434,0.122646,0.123928,0.124717,0.12542,0.125285,0.125263,0.124672,0.12424,0.123396,0.12262,1975$/kg,
"evo,date=2023-27-11T18:56:54+16:00",EU-15,Pork,0.634761,0.519244,0.509373,0.513058,0.510321,0.516588,0.518078,0.519758,0.524925,0.531416,0.538915,0.544637,0.550543,0.554169,0.557316,0.556736,0.5567,0.553987,0.551845,0.547926,0.544301,1975$/kg,
"evo,date=2023-27-11T18:56:54+16:00",EU-15,Poultry,0.524938,0.475383,0.472195,0.47724,0.474798,0.479641,0.480651,0.481702,0.485727,0.490769,0.49684,0.501296,0.505974,0.508769,0.511181,0.510544,0.510401,0.507986,0.506121,0.502769,0.499729,1975$/kg,
"evo,date=2023-27-11T18:56:54+16:00",EU-15,SheepGoat,1.38073,1.50108,1.45893,1.42222,1.41852,1.43813,1.44525,1.45176,1.46644,1.48489,1.50617,1.52153,1.53741,1.54752,1.55649,1.55561,1.55579,1.54938,1.54465,1.53509,1.52603,1975$/kg,
"evo,date=2023-27-11T18:56:54+16:00",Europe_Eastern,Beef,0.501995,0.593863,0.68719,0.737525,0.742064,0.768867,0.788932,0.807833,0.82818,0.851326,0.876152,0.896963,0.916131,0.933056,0.947742,0.961662,0.968989,0.972116,0.974287,0.973081,0.969609,1975$/kg,
"evo,date=2023-27-11T18:56:54+16:00",Europe_Eastern,Dairy,0.0765492,0.0791397,0.077785,0.0711076,0.0717653,0.0730849,0.0739525,0.0749796,0.0766566,0.0786327,0.0807164,0.0821544,0.0835051,0.0843154,0.0848996,0.0843951,0.0844402,0.0839958,0.0836674,0.0830228,0.0824174,1975$/kg,
"evo,date=2023-27-11T18:56:54+16:00",Europe_Eastern,Pork,0.422489,0.437177,0.41105,0.340366,0.340769,0.344765,0.346816,0.349816,0.355997,0.363581,0.371719,0.377357,0.382911,0.386403,0.388957,0.386249,0.386392,0.38427,0.382858,0.380237,0.377748,1975$/kg,
"evo,date=2023-27-11T18:56:54+16:00",Europe_Eastern,Poultry,0.268598,0.301621,0.302575,0.266584,0.267238,0.269542,0.270762,0.27279,0.277038,0.282232,0.287742,0.291487,0.295167,0.297352,0.298858,0.29652,0.296499,0.294943,0.293916,0.292122,0.290471,1975$/kg,
"evo,date=2023-27-11T18:56:54+16:00",Europe_Eastern,SheepGoat,0.937294,0.850768,0.857793,0.808312,0.814896,0.849193,0.876701,0.901605,0.924943,0.950844,0.978516,1.00309,1.02526,1.04653,1.06548,1.08945,1.10068,1.10862,1.11421,1.11647,1.11495,1975$/kg,
"evo,date=2023-27-11T18:56:54+16:00",Europe_Non_EU,Beef,2.17371,2.36433,2.14808,2.0109,2.03246,2.07181,2.10258,2.1366,2.17954,2.22758,2.27793,2.31556,2.34772,2.37075,2.38798,2.39291,2.39547,2.38849,2.38094,2.36719,2.35176,1975$/kg,
"evo,date=2023-27-11T18:56:54+16:00",Europe_Non_EU,Dairy,0.130656,0.148975,0.130132,0.118286,0.120234,0.125619,0.129073,0.132187,0.136092,0.140349,0.144688,0.147946,0.150922,0.153062,0.15476,0.155168,0.155561,0.155045,0.154593,0.153538,0.152414,1975$/kg,
"evo,date=2023-27-11T18:56:54+16:00",Europe_Non_EU,Pork,0.433808,0.433852,0.433756,0.433066,0.434287,0.435066,0.434649,0.434567,0.435938,0.437707,0.44019,0.44146,0.442905,0.443146,0.443825,0.443401,0.443996,0.443231,0.442938,0.441512,0.440427,1975$/kg,
"evo,date=2023-27-11T18:56:54+16:00",Europe_Non_EU,Poultry,0.634084,0.584379,0.570443,0.589185,0.591121,0.594172,0.593025,0.594076,0.599177,0.605497,0.613215,0.617852,0.622478,0.624618,0.626683,0.62528,0.625641,0.622932,0.621199,0.616991,0.613139,1975$/kg,
"evo,date=2023-27-11T18:56:54+16:00",Europe_Non_EU,SheepGoat,1.80234,1.92905,1.90973,1.92374,1.93594,1.95884,1.97356,1.99151,2.01886,2.05053,2.08544,2.11034,2.13288,2.14731,2.15938,2.16108,2.16401,2.15804,2.15306,2.14166,2.13013,1975$/kg,
"evo,date=2023-27-11T18:56:54+16:00",European Free Trade Association,Beef,2.24843,2.34819,2.33007,2.35979,2.36599,2.43302,2.46899,2.50704,2.55476,2.60887,2.66492,2.7023,2.7363,2.76046,2.78122,2.78687,2.79049,2.78047,2.77068,2.7525,2.73338,1975$/kg,
"evo,date=2023-27-11T18:56:54+16:00",European Free Trade Association,Dairy,0.199047,0.18771,0.185581,0.182818,0.182667,0.186023,0.187588,0.189209,0.191352,0.193834,0.196396,0.197835,0.199127,0.199915,0.200618,0.200537,0.200397,0.199546,0.198782,0.197625,0.196515,1975$/kg,
"evo,date=2023-27-11T18:56:54+16:00",European Free Trade Association,Pork,1.16547,1.02857,1.00399,0.98522,0.982268,0.998095,1.00388,1.01026,1.01796,1.02665,1.03601,1.03947,1.0429,1.04425,1.04613,1.0447,1.04298,1.03718,1.03209,1.02521,1.01911,1975$/kg,
"evo,date=2023-27-11T18:56:54+16:00",European Free Trade Association,Poultry,1.07251,1.01043,0.994348,0.982289,0.978543,0.99363,0.999008,1.00465,1.01181,1.02009,1.02878,1.03145,1.03391,1.03437,1.03536,1.0332,1.03085,1.02487,1.01965,1.0129,1.00698,1975$/kg,
"evo,date=2023-27-11T18:56:54+16:00",European Free Trade Association,SheepGoat,1.84528,1.78874,1.72057,1.64466,1.65634,1.71696,1.75405,1.7935,1.84078,1.89393,1.94853,1.9891,2.02555,2.05375,2.07725,2.08835,2.09661,2.094,2.08993,2.07839,2.06404,1975$/kg,
"evo,date=2023-27-11T18:56:54+16:00",India,Beef,1.62679,1.81765,1.99913,1.96967,2.1367,2.40409,2.66627,2.96876,3.3032,3.64761,3.98262,4.30713,4.60728,4.85641,5.05644,5.19047,5.27536,5.29828,5.28954,5.23748,5.16301,1975$/kg,
"evo,date=2023-27-11T18:56:54+16:00",India,Dairy,0.044247,0.0325127,0.0329112,0.0299799,0.0340784,0.0375394,0.0404115,0.0436052,0.0469509,0.0502284,0.0534654,0.0564204,0.0593482,0.0617474,0.0637654,0.0651074,0.0659565,0.0660995,0.065958,0.0653179,0.064483,1975$/kg,
"evo,date=2023-27-11T18:56:54+16:00",India,Pork,0.867443,0.749964,0.754284,0.715861,0.684808,0.679526,0.690156,0.708979,0.731414,0.754377,0.779309,0.802014,0.82663,0.846503,0.863602,0.874025,0.880012,0.87867,0.87513,0.866489,0.856448,1975$/kg,
"evo,date=2023-27-11T18:56:54+16:00",India,Poultry,0.304932,0.231785,0.268147,0.266697,0.253779,0.253482,0.258284,0.268949,0.280314,0.29148,0.302694,0.313997,0.32475,0.332968,0.339173,0.342141,0.343179,0.341308,0.338563,0.333861,0.328544,1975$/kg,
"evo,date=2023-27-11T18:56:54+16:00",India,SheepGoat,1.89219,1.84356,1.82752,1.81043,1.76271,1.74424,1.75079,1.76409,1.78105,1.7982,1.81675,1.8331,1.85106,1.86554,1.87817,1.88633,1.89084,1.88995,1.88698,1.88019,1.87217,1975$/kg,
"evo,date=2023-27-11T18:56:54+16:00",Indonesia,Beef,1.35825,1.12471,1.58742,1.12713,1.1691,1.22253,1.26701,1.30572,1.34922,1.39333,1.43452,1.46906,1.49668,1.51497,1.52636,1.52659,1.52513,1.51577,1.50593,1.49022,1.47305,1975$/kg,
"evo,date=2023-27-11T18:56:54+16:00",Indonesia,Dairy,0.145271,0.124276,0.134325,0.114006,0.113966,0.114645,0.115516,0.116788,0.118807,0.121124,0.123507,0.12538,0.127,0.128019,0.128666,0.12855,0.128418,0.127752,0.127135,0.126144,0.125133,1975$/kg,
"evo,date=2023-27-11T18:56:54+16:00",Indonesia,Pork,0.667236,0.544042,0.645711,0.510082,0.521821,0.539085,0.548993,0.558808,0.572522,0.587816,0.603634,0.616409,0.627652,0.634815,0.639808,0.639314,0.638827,0.634553,0.630819,0.62453,0.618259,1975$/kg,
"evo,date=2023-27-11T18:56:54+16:00",Indonesia,Poultry,0.874891,0.525109,0.563253,0.401543,0.408452,0.418871,0.423659,0.428906,0.438004,0.44888,0.460359,0.469903,0.477872,0.482244,0.484604,0.482322,0.480236,0.475,0.47042,0.463754,0.457243,1975$/kg,
"evo,date=2023-27-11T18:56:54+16:00",Indonesia,SheepGoat,1.2955,1.24273,1.22784,1.19998,1.17209,1.14644,1.12986,1.12134,1.12013,1.12238,1.12675,1.12829,1.13012,1.12935,1.12752,1.12241,1.11874,1.11277,1.10807,1.10177,1.09618,1975$/kg,
"evo,date=2023-27-11T18:56:54+16:00",Japan,Beef,5.31134,5.26646,5.25854,5.16546,5.1749,5.21766,5.23504,5.2558,5.28387,5.31479,5.35533,5.38265,5.41289,5.43081,5.44831,5.44747,5.44902,5.43777,5.43069,5.41366,5.39776,1975$/kg,
"evo,date=2023-27-11T18:56:54+16:00",Japan,Dairy,0.267054,0.23869,0.238604,0.233071,0.233592,0.235833,0.236757,0.237855,0.239354,0.240995,0.243124,0.244569,0.246157,0.247109,0.248032,0.248002,0.248093,0.247517,0.24715,0.246268,0.245443,1975$/kg,
"evo,date=2023-27-11T18:56:54+16:00",Japan,Pork,2.90045,2.82796,2.82937,2.7983,2.79948,2.81547,2.82017,2.82742,2.83726,2.84646,2.86135,2.87074,2.88267,2.88919,2.89674,2.89612,2.89717,2.89234,2.88977,2.88272,2.87652,1975$/kg,
"evo,date=2023-27-11T18:56:54+16:00",Japan,Poultry,1.30903,1.30795,1.31634,1.30105,1.30176,1.30951,1.31145,1.31489,1.32028,1.32459,1.3316,1.3361,1.34186,1.3451,1.34888,1.3487,1.34937,1.347,1.3456,1.34208,1.33898,1975$/kg,
"evo,date=2023-27-11T18:56:54+16:00",Japan,SheepGoat,6.47989,6.4429,6.4281,6.42202,6.42115,6.44036,6.44807,6.45734,6.46365,6.47473,6.4941,6.50515,6.5197,6.52647,6.53464,6.53253,6.53233,6.52629,6.52433,6.51624,6.50929,1975$/kg,
"evo,date=2023-27-11T18:56:54+16:00",Mexico,Beef,1.30646,1.08267,1.01819,0.996783,1.02174,1.05865,1.08945,1.11861,1.15126,1.1854,1.21991,1.24924,1.27586,1.29805,1.31766,1.33009,1.34105,1.34572,1.34951,1.34873,1.34657,1975$/kg,
"evo,date=2023-27-11T18:56:54+16:00",Mexico,Dairy,0.106078,0.103468,0.102687,0.10331,0.104274,0.105173,0.105369,0.105545,0.106415,0.10766,0.109231,0.110305,0.111394,0.112166,0.112868,0.113049,0.11326,0.113036,0.112874,0.112384,0.111881,1975$/kg,
"evo,date=2023-27-11T18:56:54+16:00",Mexico,Pork,0.897067,0.730649,0.723939,0.703275,0.708068,0.713463,0.711819,0.710756,0.715629,0.723593,0.734504,0.741512,0.749197,0.754431,0.759348,0.759869,0.760969,0.758544,0.75696,0.752712,0.748522,1975$/kg,
"evo,date=2023-27-11T18:56:54+16:00",Mexico,Poultry,0.44908,0.448411,0.450365,0.445678,0.448418,0.449735,0.447302,0.445227,0.446977,0.450745,0.456444,0.459803,0.463687,0.466211,0.468675,0.468694,0.469073,0.467415,0.466247,0.46351,0.460799,1975$/kg,
"evo,date=2023-27-11T18:56:54+16:00",Mexico,SheepGoat,1.3526,1.11621,1.07211,1.0289,1.05582,1.09429,1.12789,1.16044,1.19656,1.23439,1.27245,1.30556,1.3354,1.36066,1.38295,1.3978,1.41078,1.41716,1.4223,1.42268,1.42142,1975$/kg,
"evo,date=2023-27-11T18:56:54+16:00",Middle East,Beef,2.57371,2.40761,2.36644,2.08783,2.09507,2.13005,2.13136,2.14369,2.17184,2.20677,2.2479,2.27775,2.30867,2.32917,2.345,2.34588,2.34721,2.33782,2.33063,2.3136,2.296,1975$/kg,
"evo,date=2023-27-11T18:56:54+16:00",Middle East,Dairy,0.201298,0.185971,0.188949,0.189873,0.19122,0.194418,0.194605,0.19514,0.196861,0.199252,0.2023,0.204672,0.20719,0.209092,0.211025,0.211999,0.213219,0.213577,0.214135,0.213944,0.213667,1975$/kg,
"evo,date=2023-27-11T18:56:54+16:00",Middle East,Pork,1.72244,1.60638,1.58118,1.64258,1.64033,1.65448,1.63884,1.63295,1.63932,1.65176,1.66995,1.6815,1.69498,1.70205,1.70698,1.70224,1.6994,1.68989,1.68268,1.66915,1.65593,1975$/kg,
"evo,date=2023-27-11T18:56:54+16:00",Middle East,Poultry,0.878159,0.760942,0.737727,0.775418,0.77447,0.782126,0.776799,0.775853,0.781322,0.789994,0.801174,0.808763,0.816801,0.821564,0.824929,0.82292,0.821892,0.817264,0.81374,0.807176,0.800806,1975$/kg,
"evo,date=2023-27-11T18:56:54+16:00",Middle East,SheepGoat,2.71991,2.62659,2.58105,2.61514,2.61254,2.63947,2.61851,2.61352,2.6269,2.6486,2.67942,2.69894,2.72218,2.73427,2.74263,2.73584,2.73067,2.71483,2.70232,2.67884,2.65546,1975$/kg,
"evo,date=2023-27-11T18:56:54+16:00",Pakistan,Beef,0.633585,0.547048,0.560949,0.545686,0.563247,0.587645,0.599956,0.614605,0.636828,0.661671,0.69187,0.733462,0.773548,0.806979,0.837417,0.859964,0.87658,0.886283,0.892946,0.894738,0.893991,1975$/kg,
"evo,date=2023-27-11T18:56:54+16:00",Pakistan,Dairy,0.0628064,0.0677135,0.0687629,0.0653038,0.066692,0.0692244,0.0699593,0.0709798,0.072724,0.0745668,0.0767961,0.0794306,0.0818166,0.0835019,0.085001,0.0857466,0.0862067,0.0861312,0.0859967,0.085515,0.0849549,1975$/kg,
"evo,date=2023-27-11T18:56:54+16:00",Pakistan,Pork,0.0,0.0,0.0,0.0,0.0,0.0,0.0,0.0,0.0,0.0,0.0,0.0,0.0,0.0,0.0,0.0,0.0,0.0,0.0,0.0,0.0,1975$/kg,
"evo,date=2023-27-11T18:56:54+16:00",Pakistan,Poultry,0.246106,0.240159,0.233284,0.212455,0.214144,0.22119,0.220206,0.220989,0.224291,0.227408,0.231671,0.236283,0.2397,0.240576,0.241048,0.239504,0.237834,0.235145,0.232879,0.230058,0.22744,1975$/kg,
"evo,date=2023-27-11T18:56:54+16:00",Pakistan,SheepGoat,0.852484,0.746442,0.746753,0.716314,0.721729,0.745115,0.74787,0.75331,0.765845,0.77915,0.796506,0.815733,0.836232,0.851995,0.86809,0.878279,0.885269,0.887428,0.888464,0.886154,0.882662,1975$/kg,
"evo,date=2023-27-11T18:56:54+16:00",Russia,Beef,1.112,0.990451,0.973681,1.008,1.00583,1.01545,1.0204,1.02687,1.03775,1.05035,1.06328,1.07274,1.0822,1.08924,1.09483,1.09616,1.09686,1.09445,1.0922,1.08792,1.08325,1975$/kg,
"evo,date=2023-27-11T18:56:54+16:00",Russia,Dairy,0.109125,0.101848,0.0979332,0.0975905,0.0964573,0.097696,0.0975167,0.0977168,0.0987035,0.100162,0.101768,0.102696,0.103702,0.104414,0.104954,0.104928,0.104848,0.104397,0.104042,0.103464,0.103039,1975$/kg,
"evo,date=2023-27-11T18:56:54+16:00",Russia,Pork,0.774305,0.712516,0.698761,0.702128,0.692032,0.699254,0.695547,0.695121,0.700246,0.708735,0.71832,0.723351,0.729189,0.733284,0.736425,0.735767,0.734808,0.73144,0.728896,0.725042,0.722525,1975$/kg,
"evo,date=2023-27-11T18:56:54+16:00",Russia,Poultry,0.381996,0.381891,0.372363,0.38028,0.373996,0.37831,0.37596,0.375719,0.378891,0.38407,0.389908,0.39302,0.396647,0.399207,0.401198,0.400807,0.400227,0.398126,0.396538,0.394134,0.392511,1975$/kg,
"evo,date=2023-27-11T18:56:54+16:00",Russia,SheepGoat,1.39119,1.06702,0.992943,0.989859,0.996523,1.00881,1.02399,1.03845,1.05545,1.07227,1.08835,1.10216,1.11503,1.12503,1.13289,1.13657,1.13903,1.13806,1.13635,1.13215,1.12569,1975$/kg,
"evo,date=2023-27-11T18:56:54+16:00",South Africa,Beef,1.13026,1.00817,0.90964,0.765501,0.773324,0.794282,0.815493,0.835474,0.857606,0.880078,0.901556,0.919482,0.935782,0.948871,0.959885,0.966251,0.971271,0.972736,0.973487,0.971351,0.968075,1975$/kg,
"evo,date=2023-27-11T18:56:54+16:00",South Africa,Dairy,0.0998413,0.0951995,0.0985339,0.0941358,0.0947309,0.0960744,0.0965654,0.0972467,0.0985233,0.100072,0.10179,0.102979,0.104136,0.10489,0.105541,0.105644,0.105795,0.105524,0.105328,0.10482,0.104311,1975$/kg,
"evo,date=2023-27-11T18:56:54+16:00",South Africa,Pork,0.73442,0.500169,0.499374,0.497505,0.498217,0.502761,0.503214,0.50467,0.508812,0.514143,0.519859,0.523588,0.527385,0.529926,0.532439,0.53266,0.533216,0.532109,0.531449,0.529556,0.527728,1975$/kg,
"evo,date=2023-27-11T18:56:54+16:00",South Africa,Poultry,0.525916,0.466003,0.468173,0.469785,0.470673,0.473256,0.47217,0.472088,0.474111,0.477078,0.480758,0.482888,0.485265,0.486678,0.488083,0.487904,0.488064,0.486974,0.486268,0.484678,0.483122,1975$/kg,
"evo,date=2023-27-11T18:56:54+16:00",South Africa,SheepGoat,1.24727,1.22509,1.20338,1.15946,1.16705,1.18733,1.20574,1.22322,1.24391,1.26577,1.28613,1.30222,1.31646,1.32719,1.33657,1.34082,1.34455,1.34473,1.34493,1.34222,1.33926,1975$/kg,
"evo,date=2023-27-11T18:56:54+16:00",South America_Northern,Beef,3.54059,3.45031,3.4226,3.40171,3.0839,3.11409,3.20928,3.3057,3.41113,3.52097,3.63271,3.73039,3.82141,3.89584,3.95841,3.9986,4.03305,4.0498,4.06193,4.05968,4.05186,1975$/kg,
"evo,date=2023-27-11T18:56:54+16:00",South America_Northern,Dairy,0.33163,0.316554,0.304813,0.30773,0.29501,0.294365,0.295682,0.297569,0.300243,0.303287,0.306919,0.309574,0.312285,0.314083,0.315596,0.31599,0.316456,0.316043,0.315734,0.314744,0.31376,1975$/kg,
"evo,date=2023-27-11T18:56:54+16:00",South America_Northern,Pork,2.02063,1.82381,1.80716,1.84994,1.83609,1.83527,1.83152,1.83129,1.83684,1.84533,1.85683,1.86374,1.87067,1.87358,1.87536,1.87189,1.86978,1.86387,1.85927,1.85199,1.84542,1975$/kg,
"evo,date=2023-27-11T18:56:54+16:00",South America_Northern,Poultry,1.69028,1.56895,1.55252,1.59442,1.58034,1.57665,1.57118,1.56894,1.57125,1.57597,1.5833,1.58695,1.59088,1.59176,1.59191,1.58818,1.58577,1.58056,1.57657,1.57062,1.56539,1975$/kg,
"evo,date=2023-27-11T18:56:54+16:00",South America_Northern,SheepGoat,5.15452,5.01214,4.86697,4.73272,4.30253,4.2936,4.36514,4.44564,4.53932,4.63942,4.74877,4.83815,4.92528,4.99165,5.04797,5.07883,5.10704,5.11479,5.1207,5.10998,5.09583,1975$/kg,
"evo,date=2023-27-11T18:56:54+16:00",South America_Southern,Beef,1.43637,1.38195,1.35041,1.32247,1.3525,1.40932,1.45215,1.49228,1.5382,1.58545,1.63332,1.67113,1.70611,1.7332,1.75695,1.76908,1.7805,1.78237,1.78431,1.77895,1.77252,1975$/kg,
"evo,date=2023-27-11T18:56:54+16:00",South America_Southern,Dairy,0.120567,0.113202,0.104732,0.105778,0.105912,0.107576,0.108426,0.109424,0.111018,0.112829,0.114872,0.116254,0.117563,0.118383,0.11909,0.119146,0.119277,0.118902,0.118631,0.117977,0.117367,1975$/kg,
"evo,date=2023-27-11T18:56:54+16:00",South America_Southern,Pork,0.755955,0.617581,0.581397,0.594097,0.590193,0.593822,0.592714,0.59387,0.598701,0.604819,0.612491,0.61736,0.622165,0.624317,0.626164,0.624451,0.623252,0.619286,0.616247,0.61132,0.606937,1975$/kg,
"evo,date=2023-27-11T18:56:54+16:00",South America_Southern,Poultry,0.669794,0.59965,0.569073,0.586514,0.579903,0.580001,0.576583,0.575475,0.577565,0.58071,0.585406,0.587686,0.590031,0.590235,0.590447,0.588039,0.586282,0.582433,0.579508,0.575133,0.571403,1975$/kg,
"evo,date=2023-27-11T18:56:54+16:00",South America_Southern,SheepGoat,1.8006,1.71851,1.63713,1.55352,1.58011,1.62737,1.66249,1.69648,1.73668,1.77908,1.82293,1.85725,1.88909,1.91387,1.93562,1.94715,1.95815,1.96083,1.9635,1.95971,1.95497,1975$/kg,
"evo,date=2023-27-11T18:56:54+16:00",South Asia,Beef,0.880136,0.78691,1.13978,1.36102,1.43085,1.52173,1.63297,1.7824,1.9529,2.13427,2.33624,2.52831,2.70915,2.86546,3.00277,3.108,3.19758,3.25312,3.29574,3.31313,3.31989,1975$/kg,
"evo,date=2023-27-11T18:56:54+16:00",South Asia,Dairy,0.127017,0.118273,0.127629,0.132767,0.136974,0.14066,0.145116,0.15238,0.16039,0.168952,0.179487,0.189867,0.200416,0.209717,0.218203,0.224892,0.230503,0.23355,0.235757,0.236079,0.235889,1975$/kg,
"evo,date=2023-27-11T18:56:54+16:00",South Asia,Pork,0.657697,0.554686,0.702113,0.736737,0.769013,0.793942,0.820698,0.868248,0.922631,0.981541,1.05641,1.13006,1.20465,1.26928,1.32781,1.37219,1.41001,1.42878,1.44225,1.44195,1.43842,1975$/kg,
"evo,date=2023-27-11T18:56:54+16:00",South Asia,Poultry,0.35396,0.233418,0.383364,0.432744,0.441912,0.452765,0.462309,0.477444,0.497254,0.518929,0.545054,0.568363,0.58993,0.60675,0.62103,0.629106,0.636791,0.638862,0.64042,0.638013,0.634943,1975$/kg,
"evo,date=2023-27-11T18:56:54+16:00",South Asia,SheepGoat,1.59846,1.5008,1.48486,1.45316,1.42707,1.41604,1.4472,1.5202,1.61567,1.71924,1.86423,1.99135,2.11526,2.21746,2.31174,2.38489,2.47,2.52686,2.58068,2.6104,2.63705,1975$/kg,
"evo,date=2023-27-11T18:56:54+16:00",South Korea,Beef,10.8147,6.53514,6.70907,6.07499,6.13757,6.22022,6.25682,6.29936,6.36201,6.43323,6.50086,6.54695,6.5783,6.58747,6.58384,6.54951,6.5131,6.45473,6.40055,6.33522,6.26894,1975$/kg,
"evo,date=2023-27-11T18:56:54+16:00",South Korea,Dairy,0.591743,0.549866,0.551524,0.556864,0.556459,0.557984,0.558251,0.559054,0.560872,0.563229,0.565957,0.567841,0.56919,0.569655,0.570039,0.569169,0.568438,0.56679,0.565352,0.563315,0.561331,1975$/kg,
"evo,date=2023-27-11T18:56:54+16:00",South Korea,Pork,3.4795,3.22666,3.2955,3.2955,3.25155,3.22996,3.20611,3.19282,3.18922,3.19394,3.21089,3.22951,3.2468,3.25855,3.27651,3.28471,3.29596,3.29922,3.30401,3.30226,3.30247,1975$/kg,
"evo,date=2023-27-11T18:56:54+16:00",South Korea,Poultry,2.39474,2.27369,2.33238,2.34012,2.30679,2.2888,2.27001,2.25894,2.25454,2.25606,2.26637,2.27816,2.28951,2.29721,2.3095,2.31507,2.32301,2.32535,2.32885,2.32783,2.3283,1975$/kg,
"evo,date=2023-27-11T18:56:54+16:00",South Korea,SheepGoat,19.2355,9.04036,8.32407,7.96667,8.03157,8.14692,8.21714,8.28598,8.37925,8.47733,8.56718,8.61232,8.63448,8.62998,8.61102,8.55979,8.50882,8.43678,8.36995,8.29014,8.20792,1975$/kg,
"evo,date=2023-27-11T18:56:54+16:00",Southeast Asia,Beef,1.48586,1.84068,1.51526,1.27711,1.30157,1.34387,1.37819,1.41457,1.46074,1.51003,1.55879,1.60037,1.63638,1.66261,1.68305,1.69027,1.69547,1.6907,1.68653,1.67505,1.66228,1975$/kg,
"evo,date=2023-27-11T18:56:54+16:00",Southeast Asia,Dairy,0.193925,0.126672,0.146615,0.117878,0.122085,0.128184,0.132903,0.137242,0.14213,0.147107,0.15185,0.156043,0.159674,0.16235,0.164421,0.165198,0.165739,0.165326,0.164882,0.163788,0.162565,1975$/kg,
"evo,date=2023-27-11T18:56:54+16:00",Southeast Asia,Pork,0.60741,0.544116,0.573428,0.548003,0.541602,0.542469,0.543766,0.54876,0.558423,0.569701,0.582194,0.59054,0.598183,0.602792,0.60639,0.605988,0.605847,0.602827,0.601107,0.597194,0.593564,1975$/kg,
"evo,date=2023-27-11T18:56:54+16:00",Southeast Asia,Poultry,0.645188,0.524457,0.557013,0.532354,0.517142,0.509736,0.504808,0.504941,0.510314,0.517634,0.526374,0.532098,0.537054,0.53923,0.540619,0.538569,0.537042,0.533114,0.530854,0.526754,0.523148,1975$/kg,
"evo,date=2023-27-11T18:56:54+16:00",Southeast Asia,SheepGoat,1.73107,1.67556,1.65816,1.62886,1.58249,1.55677,1.5474,1.55409,1.574,1.5979,1.62579,1.63892,1.6512,1.65756,1.6627,1.66067,1.65971,1.65344,1.65149,1.64499,1.63963,1975$/kg,
"evo,date=2023-27-11T18:56:54+16:00",Taiwan,Beef,5.94881,2.5642,2.28352,2.09179,2.11333,2.15371,2.18182,2.21243,2.25273,2.29765,2.34368,2.38011,2.41435,2.44434,2.47014,2.4831,2.49492,2.49655,2.49801,2.49228,2.48511,1975$/kg,
"evo,date=2023-27-11T18:56:54+16:00",Taiwan,Dairy,0.245077,0.209637,0.200639,0.197801,0.198063,0.199708,0.201129,0.202746,0.205071,0.207797,0.210833,0.213301,0.215655,0.217164,0.2185,0.219114,0.219847,0.220051,0.220412,0.22037,0.220361,1975$/kg,
"evo,date=2023-27-11T18:56:54+16:00",Taiwan,Pork,1.00718,0.86531,0.851969,0.819015,0.819904,0.826444,0.831616,0.837487,0.846634,0.857721,0.870447,0.880706,0.890349,0.895206,0.899307,0.900237,0.902089,0.901862,0.902638,0.901829,0.901433,1975$/kg,
"evo,date=2023-27-11T18:56:54+16:00",Taiwan,Poultry,0.97427,0.683769,0.659135,0.627821,0.627907,0.632057,0.633862,0.636883,0.643273,0.651832,0.661596,0.66907,0.675732,0.679081,0.681555,0.68117,0.681701,0.68045,0.680052,0.678417,0.677142,1975$/kg,
"evo,date=2023-27-11T18:56:54+16:00",Taiwan,SheepGoat,2.74597,2.59239,2.51523,2.44528,2.44225,2.45882,2.47838,2.50024,2.53038,2.56518,2.60507,2.63848,2.67124,2.69101,2.70955,2.72014,2.73261,2.73903,2.74793,2.75186,2.75648,1975$/kg,
"evo,date=2023-27-11T18:56:54+16:00",USA,Beef,1.15327,1.11803,1.06021,1.05393,1.06039,1.08527,1.10058,1.11875,1.14618,1.17958,1.21503,1.24112,1.26566,1.28498,1.30165,1.30867,1.31627,1.31688,1.31852,1.31502,1.31105,1975$/kg,
"evo,date=2023-27-11T18:56:54+16:00",USA,Dairy,0.125998,0.123006,0.121061,0.120327,0.120161,0.121705,0.122471,0.123638,0.125733,0.128377,0.131275,0.133232,0.135121,0.136552,0.137828,0.138234,0.138803,0.138746,0.138862,0.13851,0.138185,1975$/kg,
"evo,date=2023-27-11T18:56:54+16:00",USA,Pork,0.618107,0.641805,0.59315,0.571849,0.571539,0.578215,0.582452,0.58807,0.595444,0.603086,0.611711,0.617909,0.624287,0.62904,0.634205,0.636746,0.639694,0.63983,0.640125,0.638741,0.637494,1975$/kg,
"evo,date=2023-27-11T18:56:54+16:00",USA,Poultry,0.459991,0.501401,0.470491,0.457903,0.457172,0.461795,0.464926,0.469157,0.474657,0.480252,0.486548,0.491003,0.495616,0.499048,0.50285,0.504792,0.50704,0.507229,0.507542,0.506629,0.505848,1975$/kg,
"evo,date=2023-27-11T18:56:54+16:00",USA,SheepGoat,1.38175,1.37699,1.36493,1.32088,1.33058,1.35788,1.37521,1.39556,1.4264,1.465,1.50558,1.53548,1.5631,1.58553,1.6043,1.61273,1.62179,1.62395,1.62735,1.62539,1.62268,1975$/kg,
